684
691
907
5
954
317
115
243
635
489
778
411
578
29
678
534
253
553
347
717
160
577
189
435
947
620
773
797
558
902
583
740
557
460
181
187
709
49
223
311
536
696
324
602
188
465
129
946
230
363
135
930
169
51
418
621
474
610
759
214
499
679
919
216
156
888
801
250
609
57
281
630
65
809
388
790
750
748
627
264
404
41
172
75
768
192
224
649
116
73
738
105
878
331
895
395
589
414
538
652
698
455
518
367
523
595
255
469
968
209
300
154
109
128
906
74
537
120
780
942
720
485
492
892
442
30
692
349
646
25
26
928
220
27
685
267
547
622
983
842
456
306
358
481
989
17
985
282
477
308
529
653
702
743
952
261
879
426
533
581
672
742
210
706
301
80
594
46
271
111
55
479
496
695
312
422
544
871
18
242
104
510
765
932
927
498
808
167
973
896
50
916
1000
428
976
675
729
624
561
641
636
782
667
674
776
527
389
719
508
163
121
448
662
867
381
368
338
82
374
191
781
226
278
890
461
470
107
596
660
811
283
705
694
769
703
730
528
342
326
637
236
854
466
814
287
937
454
270
32
657
406
819
295
47
830
256
823
225
633
353
588
257
393
89
16
511
903
912
88
360
117
590
795
670
196
206
396
387
599
359
911
4
245
574
219
248
701
770
457
799
606
372
934
194
36
240
909
140
813
567
746
71
1
185
379
555
940
855
924
119
998
467
551
180
505
530
365
545
199
3
853
356
822
944
775
677
304
247
515
328
110
539
98
824
123
600
798
76
279
486
64
839
407
364
459
96
836
390
559
704
582
313
471
148
864
755
889
728
419
857
415
421
11
94
268
78
305
868
721
309
269
877
170
850
449
908
303
464
560
739
818
405
24
874
605
452
856
495
298
45
124
501
159
859
986
668
137
882
949
617
59
186
77
791
794
712
198
893
322
541
42
832
152
744
638
66
593
433
503
446
413
69
458
807
710
914
397
493
980
910
391
222
184
23
614
825
310
113
565
70
550
286
881
472
61
804
787
618
272
288
289
443
915
392
362
52
535
416
958
345
992
497
176
817
875
796
291
93
789
2
339
151
598
524
37
901
844
488
138
516
323
959
444
880
873
619
276
79
371
700
351
383
708
885
543
948
767
736
554
155
445
995
697
177
376
872
655
92
974
150
130
275
883
97
833
480
732
863
975
258
643
829
468
63
451
604
273
343
161
239
260
843
473
987
13
886
320
28
603
979
576
552
676
897
103
532
178
900
629
956
601
475
299
972
254
920
58
735
386
344
400
325
724
666
690
21
266
716
725
441
87
999
201
803
112
761
447
531
612
329
463
671
8
302
165
754
434
453
525
215
683
6
412
284
918
108
984
431
922
656
99
573
580
202
43
996
757
939
375
19
354
235
714
752
157
982
835
548
280
713
815
164
628
563
40
733
923
969
834
330
333
145
816
766
162
436
350
417
179
316
663
207
131
831
60
840
190
526
587
440
517
437
410
143
217
805
197
506
91
731
847
961
616
491
905
988
967
490
174
84
865
990
277
153
876
611
870
522
607
632
788
294
673
221
318
290
106
314
786
476
970
785
827
707
158
147
737
642
994
546
718
950
193
262
232
682
15
862
741
792
758
168
424
86
723
315
591
569
693
67
749
806
484
249
382
14
566
297
756
913
211
175
820
858
753
346
687
369
904
688
509
22
126
658
403
296
213
39
521
568
200
592
512
90
777
241
227
887
849
997
929
891
48
841
166
327
977
747
513
869
183
118
231
335
981
384
208
450
430
933
779
745
899
640
102
764
212
340
100
265
800
991
144
425
963
894
348
925
251
293
549
520
494
715
689
228
462
394
669
917
507
127
866
680
81
263
259
122
586
931
623
85
373
355
409
966
408
357
771
427
645
482
898
631
812
941
203
639
12
252
72
35
837
307
68
852
244
945
487
821
95
615
182
848
964
380
760
921
686
229
884
953
146
556
659
134
62
938
784
648
647
681
943
246
54
763
783
584
500
665
204
793
233
132
378
650
960
7
341
751
845
33
334
218
926
597
274
625
321
438
810
613
141
337
439
962
661
502
978
101
651
142
366
564
562
285
133
420
401
971
861
851
429
951
957
519
171
336
772
726
504
361
860
965
9
10
993
83
370
828
936
385
571
234
570
727
125
399
377
762
955
734
935
139
136
699
423
114
149
483
478
20
572
319
292
402
398
38
838
238
585
540
722
195
575
34
56
432
826
44
542
846
774
626
31
608
237
634
644
514
173
332
53
664
802
711
654
352
579
205